20
u120_00 
 obj=   48	0
76 82 
68 66 
95 64 63 
79 86 
30 39 
94 67 
11 25 
72 34 15 
2 75 51 
8 13 62 
27 103 49 
109 101 
23 96 
100 56 
19 47 70 
74 28 
98 106 93 
53 10 45 
55 114 
118 24 52 
50 48 102 
61 80 
36 59 22 
83 111 
44 1 
110 41 0 
77 115 
84 29 7 
42 73 
38 113 69 
71 12 6 
78 108 90 
33 4 
112 21 32 
54 16 
89 97 
58 91 
116 40 65 46 
17 3 
81 31 
107 57 99 
43 88 
35 117 92 
87 9 105 
5 26 
37 20 
85 104 
119 14 18 60 
u120_01 
 obj=   49	0
102 16 
13 89 
55 106 28 
8 110 
35 33 
52 75 
108 23 88 104 17 
61 14 105 
62 1 
115 42 
4 30 
19 67 119 65 
64 26 40 
38 117 
76 59 
85 7 21 
54 114 
60 97 107 
47 72 37 
0 34 
83 93 
116 94 
43 80 
78 39 112 77 
5 56 
27 91 
111 70 18 
86 68 
24 73 
15 11 
58 44 
45 103 
81 46 
51 
3 10 87 
98 12 
71 90 29 
101 22 
25 6 20 
92 49 
84 48 69 
82 32 
109 79 
9 99 113 
2 31 
53 57 
100 41 66 
36 74 
50 63 96 95 118 
u120_02 
 obj=   46	0
43 5 
113 119 106 
69 1 
90 104 88 
78 57 3 
111 118 68 
19 36 110 
8 79 103 
75 117 99 
51 84 44 
31 48 
49 15 
105 45 
22 16 
52 18 
37 72 
66 14 74 
89 96 
4 94 93 
10 12 
77 41 53 107 
7 60 76 
114 115 58 
24 98 
42 27 
29 32 
21 11 54 
109 63 59 
23 25 
38 2 35 
97 85 50 
67 0 91 28 
86 100 
6 82 102 
34 101 
62 108 83 
70 46 
56 64 87 
65 17 80 73 
116 
9 55 26 
33 47 
112 61 92 
13 30 
20 81 71 
39 40 95 
u120_03 
 obj=   50	1
9 34 
93 49 
50 30 
23 100 
77 107 
111 13 
58 18 
90 28 
5 44 
15 83 
27 98 
39 117 
65 69 
4 8 
36 85 
74 94 
76 114 
16 63 
51 97 
112 80 
56 78 
33 82 
6 48 
37 115 
52 7 
67 10 
96 26 
20 11 
42 88 24 
95 75 89 
2 46 
3 57 
41 43 35 
12 38 
17 102 1 
72 14 19 
113 29 104 
101 61 
84 99 
71 25 
92 86 
87 45 
116 118 
105 73 81 
21 31 62 0 
119 91 59 68 
103 108 40 66 
60 47 64 106 
110 79 53 32 109 
54 55 70 22 
u120_04 
 obj=   50	0
70 108 
38 76 57 
19 0 3 
116 29 
80 112 
56 8 
55 30 
42 119 
95 31 39 25 
78 118 
18 27 68 69 101 
93 44 
5 22 
20 50 
43 117 
72 66 
65 60 
54 102 
100 89 105 
98 74 
1 9 64 
53 11 
87 111 21 
17 26 
24 34 49 
35 28 
14 67 
59 115 33 
7 104 
12 84 83 
103 52 90 
36 63 73 
75 41 81 109 
45 62 
88 40 97 
46 
37 10 
16 48 
91 82 
6 4 
15 51 
71 107 
32 61 58 
47 79 
86 77 2 
96 13 99 
106 110 
113 94 
92 85 
114 23 
u120_05 
 obj=   49	1
34 82 
87 98 
56 8 
44 89 
47 19 
75 101 
81 6 
88 18 
100 66 
112 24 
105 48 
115 52 
73 46 
108 103 
114 79 
45 110 
13 26 
21 33 
60 67 
10 35 
83 68 
22 31 
7 15 
57 58 
118 61 
11 27 
23 2 
43 4 
107 102 
116 38 
36 53 
77 96 84 
5 50 
95 80 
14 104 1 
16 63 0 
28 74 76 
90 12 59 
91 113 69 
3 29 
86 93 
94 119 20 
62 64 25 111 
78 109 51 99 
72 39 17 30 
42 54 70 37 
49 40 41 85 
65 71 97 117 9 
92 106 32 55 
u120_06 
 obj=   49	1
8 113 
84 114 
116 10 
93 97 
2 40 
18 15 
46 32 
70 91 
5 111 
62 115 
92 101 
61 37 
19 47 
28 17 
34 38 
45 25 
100 31 
4 72 
16 68 
27 9 
59 33 
22 48 
3 56 
81 14 
108 77 
0 13 
58 55 
88 65 
119 75 
67 36 
20 117 
21 44 
103 112 
82 106 
73 54 
76 26 
102 74 
83 96 
110 98 52 
23 29 35 
107 50 118 
53 66 71 
24 42 51 12 
87 60 79 95 
30 1 109 63 
7 104 90 89 
43 69 6 85 57 
11 49 80 86 99 
105 39 64 41 78 94 
u120_07 
 obj=   50	1
60 50 
19 6 
32 87 
39 97 
46 119 
62 69 
1 4 
30 12 
13 83 
42 16 
71 57 
116 86 
76 15 
10 65 
2 105 
49 25 
84 67 
21 0 
9 75 
35 90 
17 23 
55 41 
48 108 
20 7 
110 26 
111 104 
29 59 
28 8 
24 72 
37 89 
5 73 
61 34 
98 101 
40 44 
78 113 
51 74 77 
80 94 66 
45 58 95 
81 70 82 
96 93 92 
102 27 47 
52 38 36 
14 33 114 
85 68 107 
64 115 106 
22 53 91 109 
100 43 3 31 
79 112 63 11 
56 54 99 18 
88 118 103 117 
u120_08 
 obj=   51	1
0 42 
17 49 
36 84 
19 3 
46 62 
66 68 
6 85 
23 93 
61 111 
52 10 
4 44 
94 117 
34 35 
75 81 
22 45 
54 80 
26 5 
65 39 
83 78 
92 79 
33 89 
74 103 
98 107 
112 71 
115 91 
102 108 
24 28 
21 14 
106 110 
116 119 
95 13 
55 30 
73 48 
18 100 
99 86 
11 47 
8 20 
43 63 
67 96 
105 40 
60 101 
97 25 
56 58 
57 69 113 
82 70 87 12 
38 118 41 7 
109 50 37 77 
90 72 29 51 
32 88 104 27 1 
64 114 53 16 76 
2 9 31 15 59 
u120_09 
 obj=   47	1
47 87 
83 55 
113 91 
33 81 
22 1 
110 101 
106 18 
10 98 
76 31 
99 100 
0 56 
39 103 
45 12 
85 117 
118 89 
74 2 
78 21 
86 16 
4 77 
25 66 
24 82 
40 92 
107 104 
60 58 
67 112 
43 23 
52 115 
63 57 
35 97 
8 70 
36 73 
90 105 
9 13 
26 30 
46 50 
64 61 
72 109 80 
32 71 7 
29 116 44 20 
14 28 51 111 
68 96 41 93 
53 19 48 11 
3 59 108 15 
49 79 37 42 34 
75 69 88 102 62 
94 95 54 119 5 6 
17 27 38 65 84 114 
u120_10 
 obj=   52	0
104 55 57 
108 5 56 
86 7 
0 76 4 
79 80 
50 44 39 
18 25 
20 110 
70 12 
72 54 
84 81 
71 30 
62 78 51 
109 97 
83 27 
99 91 
17 105 
29 111 6 
115 92 16 32 
89 117 
98 95 
33 87 13 
77 31 
112 9 
23 43 
3 14 
88 46 59 
19 101 
42 65 
68 2 
40 38 
106 41 21 
96 58 75 15 
47 11 
37 28 
118 26 
64 107 
69 116 1 
94 113 
49 36 
60 53 
93 73 
90 85 
63 34 
74 67 
100 103 61 
24 66 
114 10 
48 52 119 
102 45 
82 35 
8 22 
u120_11 
 obj=   49	0
28 37 47 
65 58 
18 22 84 2 
117 99 44 27 
111 62 
10 81 
14 83 
9 80 
5 102 96 
17 6 
112 109 
57 32 54 
25 97 0 
61 95 
19 49 21 
35 66 
40 41 
36 56 
73 1 53 
46 68 
23 29 
7 26 
77 43 
100 78 
50 88 
89 52 
115 45 
104 119 
86 13 39 
34 76 51 
72 71 
63 114 91 
30 12 
82 103 79 
64 38 
108 85 
105 94 
75 90 48 
3 98 31 
106 11 
110 8 93 
74 67 118 
60 42 
4 59 
15 70 
113 101 24 
16 55 
87 33 20 
69 116 92 107 
u120_12 
 obj=   49	1
98 100 73 
9 52 8 
102 90 
114 60 
23 85 
36 12 30 
55 75 1 
66 58 46 
59 119 28 
71 56 33 
24 72 
47 13 78 
17 15 
20 32 79 
84 74 
41 103 43 89 101 
97 77 
26 68 67 
14 91 19 
38 5 
44 21 
3 51 
42 92 
45 62 
49 109 116 
53 61 50 37 
70 54 80 
81 118 
88 111 110 
34 35 
10 63 
106 2 
57 27 
0 82 
83 
69 115 
64 113 95 
29 76 
96 99 
6 39 
93 16 
117 48 
31 11 4 
108 18 
86 104 
22 65 
105 7 40 94 
25 87 
107 112 
u120_13 
 obj=   49	0
78 39 
75 47 49 74 113 
101 11 
21 59 
114 24 96 
22 1 111 9 
82 109 
51 86 104 84 
29 81 
55 102 
67 56 
110 25 57 69 
17 53 
18 79 
42 118 
12 33 10 
48 2 
105 0 
16 95 
19 54 
37 92 
77 99 119 
46 106 
15 14 
66 41 97 
76 52 
60 85 
58 13 
26 87 36 
64 80 91 
116 68 72 
115 65 
61 63 
98 94 
117 89 
27 8 
4 38 
28 40 
3 103 
35 62 30 
88 93 
73 83 45 107 
31 43 
112 50 71 
70 108 
7 20 
44 100 90 34 
5 23 
6 32 
u120_14 
 obj=   51	1
46 24 
57 30 
82 70 
15 47 
112 1 
43 22 
78 101 
16 66 
92 59 
20 9 
28 54 
76 93 
104 21 
4 109 
42 38 
97 99 
84 61 
110 86 
8 44 
81 10 
69 58 
72 89 
3 74 
118 94 
49 63 
53 96 
107 11 
33 65 
36 119 
50 31 
79 115 
56 68 
2 32 
85 100 
90 60 
7 17 
83 14 
37 62 
73 75 
27 29 
88 108 
116 102 13 
41 105 45 
106 52 71 
34 103 19 
98 12 5 39 
25 113 64 111 
55 77 40 6 
48 87 95 91 51 
67 35 117 18 80 114 
0 23 26 
u120_15 
 obj=   49	1
71 90 
118 23 
6 84 
26 72 
50 37 
8 92 
79 5 
114 55 
15 85 
58 51 
40 7 
106 69 
64 77 
93 101 
117 27 
32 46 
45 63 
33 86 
60 42 
16 39 
28 100 
4 1 
105 22 
104 65 
115 66 
102 3 
41 52 
62 29 
112 80 
0 78 
95 107 
13 73 
17 119 
47 96 
36 14 
70 98 
43 54 
57 68 
11 74 
110 9 
59 75 108 30 
2 91 53 19 
67 10 18 20 
89 111 116 35 
56 97 99 109 
87 76 49 88 21 
83 113 25 81 31 
44 38 61 12 48 103 
24 82 34 94 
u120_16 
 obj=   53	1
18 11 
45 98 
57 15 
17 4 
25 31 
37 2 
59 111 
83 114 
29 102 
90 1 
99 23 
16 28 
40 7 
44 38 
115 46 
67 63 
30 94 
107 78 
110 84 
20 3 
6 66 
36 71 
81 100 
70 61 
32 55 
5 75 
112 91 
60 24 
19 88 
39 77 
51 58 
69 56 
68 85 
79 109 
41 87 
89 80 
108 9 
117 104 
14 8 
62 119 
33 35 
64 97 
86 106 
52 22 
72 65 
95 48 
118 54 
12 96 101 21 
10 34 82 43 
50 27 92 13 
93 73 113 26 116 
53 42 76 103 105 
0 47 49 74 
u120_17 
 obj=   52	0
117 21 
101 66 61 
115 79 
65 8 
5 84 77 
38 83 
13 23 
76 103 20 
118 86 
74 53 110 
32 109 
82 96 
56 99 2 
114 55 
106 16 22 
81 108 29 
87 104 
30 34 
15 59 
48 102 
7 31 44 
45 40 
27 91 
37 47 112 
24 39 
111 67 107 33 
50 4 
10 68 
90 75 
11 52 
64 72 
6 116 
58 0 
62 35 
89 94 
12 70 
100 41 98 
93 71 60 
9 80 
28 54 
36 92 105 
1 88 
113 25 
78 95 
26 63 
97 49 
119 85 3 
73 51 
42 46 
69 14 
18 19 
43 17 57 
u120_18 
 obj=   49	0
72 46 50 
55 57 105 
15 64 
52 37 
75 9 
98 14 38 
66 69 11 
6 99 
5 22 
113 28 
60 112 0 
58 116 
117 74 41 
114 88 45 
3 16 
12 49 
76 77 
4 68 30 91 
103 51 
19 25 
109 13 
48 82 94 
81 79 
27 95 
35 56 
83 67 78 
40 93 89 
90 80 
104 44 
65 18 
84 23 
63 85 
92 26 119 
39 100 59 110 
8 86 53 
71 7 115 107 
2 106 
47 43 
29 96 24 
17 10 
73 61 
36 62 
111 102 1 
101 33 21 
42 54 
108 20 
32 118 
87 70 97 
34 31 
u120_19 
 obj=   50	1
8 0 
81 85 
56 16 
93 31 
104 35 
5 91 
12 101 
20 52 
74 62 
97 84 
46 36 
51 106 
1 24 
43 92 
75 103 
102 86 
13 67 
60 95 
57 10 
83 48 
33 73 
78 19 
82 25 
107 32 
18 90 
96 115 
105 4 
110 29 
49 22 
98 3 
70 23 
53 71 
118 45 
64 14 
69 117 
11 38 
44 50 
59 79 
77 65 
39 41 
112 54 
7 55 109 
34 68 9 
87 6 116 15 
89 99 111 61 
2 114 88 17 
27 94 28 63 
119 30 100 72 37 
80 42 108 21 113 
26 47 58 66 76 40 
